# Frame_Index Active_Tracks
0 0
1 13
2 16
3 19
4 21
5 23
6 15
7 10
8 17
9 22
10 26
11 27
12 27
13 29
14 27
15 26
16 25
17 27
18 26
19 26
20 26
21 24
22 26
23 25
24 24
25 27
26 28
27 29
28 26
29 27
30 28
31 27
32 26
33 27
34 24
35 25
36 26
37 24
38 25
39 25
40 24
41 26
42 30
43 30
44 26
45 28
46 28
47 25
48 24
49 26
50 27
51 27
52 29
53 28
54 25
55 28
56 25
57 24
58 23
59 21
60 20
61 20
62 19
63 17
64 28
65 28
66 26
67 26
68 27
69 30
70 30
71 32
72 30
73 28
74 27
75 25
76 27
77 30
78 27
79 28
80 24
81 27
82 30
83 30
84 29
85 26
86 26
87 26
88 26
89 24
90 28
91 27
92 26
93 26
94 25
95 27
96 31
97 27
98 29
99 32
100 36
101 32
102 29
103 32
104 31
105 36
106 36
107 32
108 28
109 31
110 28
111 26
112 27
113 32
114 27
115 26
116 26
117 25
118 23
119 25
120 25
121 27
122 27
123 26
124 30
125 33
126 35
127 30
128 33
129 34
130 31
131 30
132 34
133 38
134 37
135 36
136 31
137 40
138 38
139 32
140 35
141 32
142 33
143 32
144 28
145 27
146 24
147 26
148 29
149 29
150 30
151 32
152 35
153 34
154 35
155 31
156 25
157 23
158 24
159 28
160 29
161 31
162 30
163 31
164 38
165 40
166 31
167 30
168 23
169 26
170 22
171 21
172 20
173 18
174 21
175 22
176 22
177 22
178 22
179 28
180 41
181 45
182 30
183 25
184 27
185 30
186 25
187 25
188 26
189 25
190 26
191 24
192 25
193 30
194 30
195 32
196 35
197 36
198 30
199 35
200 40
201 34
202 26
203 28
204 27
205 23
206 26
207 30
208 29
209 28
210 25
211 34
212 30
213 25
214 24
215 24
216 24
217 25
218 27
219 23
220 23
221 25
222 28
223 24
224 28
225 27
226 26
227 23
228 22
229 27
230 24
231 21
232 25
233 25
234 25
235 27
236 30
237 30
238 32
239 35
240 34
241 30
242 26
243 28
244 29
245 30
246 31
247 35
248 34
249 35
250 34
251 28
252 30
253 27
254 26
255 24
256 26
257 28
258 34
259 31
260 33
261 35
262 28
263 34
264 34
265 30
266 40
267 47
268 33
269 34
270 30
271 32
272 32
273 26
274 30
275 23
276 21
277 26
278 31
279 32
280 35
281 28
282 29
283 36
284 32
285 35
286 39
287 41
288 43
289 44
290 42
291 42
292 36
293 43
294 46
295 44
296 44
297 49
298 49
299 44
300 46
301 47
302 44
303 41
304 42
305 42
306 42
307 42
308 39
309 37
310 44
311 49
312 42
313 45
314 43
315 40
316 43
317 40
318 36
319 46
320 48
321 49
322 49
323 46
324 42
325 42
326 38
327 39
328 42
329 39
330 38
331 40
332 42
333 32
334 34
335 35
336 31
337 33
338 31
339 28
340 26
341 36
342 44
343 44
344 48
345 47
346 44
347 49
348 42
349 36
350 45
351 39
352 34
353 43
354 46
355 43
356 46
357 46
358 44
359 42
360 40
361 31
362 30
363 28
364 29
365 36
366 55
367 52
368 44
369 43
370 42
371 40
372 43
373 43
374 40
375 41
376 40
377 38
378 37
379 41
380 47
381 50
382 51
383 41
384 45
385 45
386 36
387 39
388 49
389 44
390 44
391 46
392 42
393 42
394 35
395 35
396 41
397 43
398 44
399 42
400 44
401 46
402 39
403 33
404 37
405 37
406 40
407 32
408 32
409 28
410 24
411 27
412 50
413 56
414 39
415 47
416 48
417 39
418 39
419 42
420 49
421 42
422 45
423 48
424 39
425 39
426 39
427 39
428 42
429 43
430 42
431 47
432 47
433 46
434 47
435 47
436 41
437 37
438 31
439 28
440 43
441 50
442 29
443 42
444 48
445 31
446 32
447 33
448 29
449 26
450 24
451 29
452 34
453 33
454 30
455 34
456 39
457 33
458 23
459 21
460 21
461 21
462 25
463 31
464 30
465 29
466 29
467 29
468 27
469 25
470 37
471 60
472 51
473 41
474 40
475 27
476 31
477 50
478 53
479 41
480 41
481 28
482 28
483 42
484 49
485 41
486 44
487 43
488 34
489 27
490 31
491 32
492 28
493 28
494 34
495 39
496 29
497 28
498 30
499 38
500 39
501 34
502 36
503 38
504 29
505 38
506 41
507 35
508 46
509 44
510 32
511 26
512 25
513 26
514 33
515 40
516 34
517 36
518 37
519 35
520 31
521 26
522 27
523 36
524 35
525 32
526 34
527 40
528 37
529 31
530 35
531 33
532 33
533 35
534 37
535 33
536 25
537 23
538 24
539 31
540 25
541 27
542 28
543 27
544 33
545 35
546 28
547 28
548 31
549 39
550 35
551 23
552 25
553 30
554 27
555 28
556 25
557 23
558 24
559 21
560 27
561 33
562 35
563 36
564 39
565 37
566 36
567 50
568 56
569 45
570 41
571 34
572 41
573 42
574 39
575 46
576 44
577 42
578 42
579 41
580 33
581 33
582 38
583 39
584 41
585 55
586 70
587 51
588 48
589 51
590 44
591 36
592 34
593 37
594 45
595 46
596 42
597 42
598 60
599 59
600 39
601 44
602 52
603 49
604 45
605 44
606 44
607 42
608 37
609 35
610 29
611 24
612 26
613 45
614 51
615 41
616 42
617 45
618 44
619 41
620 43
621 40
622 42
623 46
624 49
625 47
626 48
627 45
628 37
629 38
630 40
631 39
632 43
633 47
634 42
635 45
636 45
637 41
638 47
639 44
640 40
641 40
642 42
643 42
644 51
645 53
646 40
647 35
648 35
649 37
650 52
651 49
652 44
653 48
654 41
655 46
656 51
657 44
658 36
659 43
660 58
661 50
662 36
663 39
664 48
665 45
666 44
667 43
668 43
669 55
670 43
671 38
672 47
673 44
674 38
675 42
676 49
677 48
678 39
679 40
680 49
681 50
682 36
683 36
684 31
685 39
686 56
687 46
688 42
689 34
690 32
691 45
692 44
693 28
694 34
695 49
696 48
697 47
698 42
699 36
700 46
701 47
702 44
703 43
704 42
705 47
706 36
707 41
708 53
709 52
710 47
711 47
712 48
713 46
714 33
715 43
716 53
717 46
718 47
719 43
720 44
721 48
722 43
723 45
724 42
725 44
726 43
727 43
728 51
729 44
730 37
731 49
732 51
733 42
734 43
735 45
736 43
737 42
738 39
739 45
740 52
741 44
742 37
743 40
744 41
745 48
746 46
747 33
748 29
749 40
750 55
751 48
752 42
753 46
754 46
755 41
756 40
757 42
758 43
759 42
760 41
761 43
762 44
763 40
764 25
765 33
766 47
767 43
768 43
769 41
770 39
771 45
772 47
773 46
774 46
775 45
776 37
777 38
778 47
779 46
780 36
781 40
782 51
783 46
784 39
785 36
786 38
787 35
788 41
789 47
790 31
791 38
792 38
793 49
794 59
795 35
796 32
797 37
798 37
799 42
800 40
801 29
802 29
803 35
804 32
805 26
806 30
807 35
808 40
809 39
810 38
811 31
812 31
813 40
814 48
815 45
816 39
817 45
818 49
819 48
820 44
821 45
822 46
823 33
824 41
825 50
826 35
827 29
828 30
829 32
830 42
831 54
832 46
833 47
834 42
835 45
836 49
837 46
838 46
839 44
840 43
841 43
842 41
843 38
844 44
845 48
846 37
847 33
848 39
849 51
850 46
851 42
852 47
853 38
854 41
855 37
856 26
857 30
858 39
859 38
860 37
861 33
862 38
863 41
864 33
865 46
866 49
867 29
868 30
869 40
870 52
871 38
872 27
873 37
874 50
875 40
876 37
877 36
878 37
879 44
880 53
881 42
882 41
883 52
884 48
885 42
886 46
887 44
888 42
889 53
890 47
891 37
892 52
893 52
894 38
895 33
896 34
897 40
898 45
899 47
900 44
901 44
902 36
903 34
904 28
905 35
906 45
907 48
908 48
909 50
910 43
911 47
912 43
913 39
914 54
915 49
916 39
917 47
918 47
919 39
920 45
921 45
922 42
923 52
924 49
925 37
926 42
927 46
928 38
929 44
930 41
931 29
932 27
933 38
934 50
935 50
936 45
937 42
938 38
939 30
940 25
941 30
942 52
943 46
944 31
945 41
946 41
947 35
948 47
949 50
950 32
951 39
952 39
953 29
954 42
955 44
956 30
957 40
958 54
959 50
960 43
961 47
962 35
963 40
964 47
965 43
966 44
967 51
968 42
969 29
970 43
971 51
972 40
973 49
974 50
975 37
976 42
977 45
978 39
979 46
980 43
981 28
982 46
983 53
984 27
985 28
986 39
987 47
988 46
989 48
990 47
991 44
992 46
993 38
994 36
995 44
996 47
997 45
998 41
999 47
1000 48
1001 43
1002 39
1003 32
1004 42
1005 45
1006 36
1007 43
1008 52
1009 45
1010 45
1011 46
1012 37
1013 44
1014 45
1015 38
1016 50
1017 50
1018 41
1019 47
1020 39
1021 41
1022 56
1023 50
1024 41
1025 38
1026 43
1027 48
1028 45
1029 42
1030 46
1031 50
1032 42
1033 38
1034 44
1035 46
1036 47
1037 43
1038 51
1039 47
1040 42
1041 50
1042 47
1043 39
1044 50
1045 48
1046 42
1047 46
1048 46
1049 39
1050 45
1051 47
1052 40
1053 43
1054 43
1055 40
1056 49
1057 48
1058 43
1059 46
1060 37
1061 41
1062 47
1063 45
1064 41
1065 42
1066 51
1067 48
1068 42
1069 43
1070 44
1071 44
1072 52
1073 46
1074 38
1075 45
1076 45
1077 40
1078 45
1079 46
1080 41
1081 49
1082 39
1083 39
1084 41
1085 36
1086 41
1087 47
1088 47
1089 44
1090 35
1091 42
1092 51
1093 45
1094 44
1095 49
1096 48
1097 46
1098 38
1099 39
1100 53
1101 46
1102 38
1103 44
1104 43
1105 39
1106 42
1107 34
1108 37
1109 57
1110 48
1111 41
1112 43
1113 47
1114 44
1115 39
1116 42
1117 46
1118 53
1119 45
1120 28
1121 39
1122 51
1123 43
1124 45
1125 49
1126 37
1127 44
1128 48
1129 42
1130 44
1131 29
1132 43
1133 52
1134 48
1135 47
1136 37
1137 39
1138 45
1139 46
1140 47
1141 37
1142 37
1143 56
1144 53
1145 35
1146 48
1147 48
1148 36
1149 42
1150 41
1151 40
1152 53
1153 50
1154 39
1155 42
1156 40
1157 43
1158 47
1159 45
1160 42
1161 39
1162 40
1163 37
1164 42
1165 50
1166 51
1167 38
1168 41
1169 51
1170 46
1171 41
1172 38
1173 33
1174 46
1175 47
1176 40
1177 43
1178 35
1179 36
1180 45
1181 37
1182 46
1183 51
1184 42
1185 44
1186 47
1187 37
1188 42
1189 47
1190 46
1191 43
1192 34
1193 34
1194 34
1195 38
1196 45
1197 46
1198 40
1199 43
1200 41
1201 44
1202 47
1203 38
1204 41
1205 54
1206 47
1207 32
1208 40
1209 40
1210 42
1211 35
1212 33
1213 47
1214 53
1215 48
1216 44
1217 39
1218 43
1219 48
1220 46
1221 42
1222 43
1223 41
1224 38
1225 34
1226 42
1227 51
1228 45
1229 40
1230 33
1231 28
1232 21
1233 43
1234 59
1235 41
1236 43
1237 38
1238 36
1239 45
1240 49
1241 41
1242 44
1243 48
1244 25
1245 33
1246 48
1247 51
1248 41
1249 42
1250 47
1251 45
1252 43
1253 47
1254 43
1255 41
1256 43
1257 43
1258 36
1259 38
1260 47
1261 51
1262 50
1263 37
1264 41
1265 46
1266 44
1267 51
1268 45
1269 33
1270 40
1271 42
1272 46
1273 53
1274 42
1275 36
1276 40
1277 44
1278 42
1279 37
1280 48
1281 50
1282 37
1283 32
1284 33
1285 38
1286 54
1287 52
1288 42
1289 49
1290 48
1291 36
1292 26
1293 35
1294 40
1295 37
1296 42
1297 46
1298 53
1299 47
1300 33
1301 46
1302 51
1303 40
1304 39
1305 34
1306 36
1307 42
1308 39
1309 38
1310 36
1311 39
1312 34
1313 30
1314 30
1315 26
1316 27
1317 37
1318 44
1319 46
1320 51
1321 48
1322 45
1323 42
1324 32
1325 31
1326 50
1327 52
1328 40
1329 51
1330 50
1331 41
1332 44
1333 39
1334 37
1335 54
1336 52
1337 37
1338 44
1339 45
1340 40
1341 40
1342 46
1343 45
1344 40
1345 37
1346 32
1347 39
1348 52
1349 41
1350 34
1351 41
1352 39
1353 44
1354 40
1355 19
